0 P967TB
1 
2 N968XV
3 
4 
5 
6 
7 D473CX
8 
9 
10 
11 
12 R673WY
13 
14 
15 
16 O442DD
17 Z781FX
18 
19 Q573QT
20 M725RC
21 
22 
23 
24 N990IW
25 X478PY
26 Q313IX
27 V497OZ
28 
29 
30 C272ZN
31 
32 I021AX
33 
34 A595BD
35 
36 U193YT
37 
38 
39 Y783QI
40 S073IV
41 S046EC
42 
43 
44 J931FN
45 
46 
47 
48 H336PU
49 K289ZG
50 B527CT
51 R176LF
52 
53 
54 
55 
56 
57 
58 P530NP
59 
60 W770KR
61 B143RB
62 
63 G078AK
64 K197UX
65 K359XP
66 
67 
68 M327LJ
69 
70 
71 Y276BJ
72 
73 
74 
75 
76 
77 A050CF
78 
79 
80 Z923HZ
81 
82 E516HZ
83 U571KM
84 
85 
86 
87 H034LS
88 P264ES
89 K760JU
90 
91 D813NQ
92 
93 
94 X885MZ
95 
96 
97 C157PS
98 
99 
100 Y628RL
101 
102 
103 A776SG
104 
105 
106 
107 S262PD
108 S140IX
109 
110 
111 Y127MV
112 O019TV
113 J434MX
114 
115 
116 
117 
118 A356VB
119 H711IO
120 G347ED
121 O551JC
122 
123 
124 
125 
126 
127 
128 Y925VF
129 G232KD
130 
131 
132 
133 
134 
135 
136 
137 
138 
139 
140 
141 
142 
143 Z468TV
144 M665ZW
145 W804UM
146 S082PK
147 T184ZJ
148 
149 
150 R395BO
151 
152 
153 U812IC
154 
155 
156 R618YQ
157 U051YD
158 P907PA
159 
160 P614FA
161 
162 
163 
164 
165 
166 B576GN
167 B529FK
168 Z358RG
169 R043WN
170 
171 V386HP
172 F702JF
173 N913RO
174 
175 Q283TU
176 
177 I411LV
178 
179 
180 D346GL
181 
182 H204NX
183 
184 P550HO
185 
186 
187 
188 Z861ZB
189 E800OB
190 
191 Z579YF
192 J854ZK
193 
194 
195 
196 Z924ES
197 
198 D158SY
199 
200 O741NW
201 H823TO
202 
203 
204 M930YS
205 
206 
207 I860YP
208 J566PU
209 
210 D996XD
211 H461LB
212 
213 
214 
215 
216 
217 E429OH
218 G586KL
219 
220 
221 
222 
223 
224 E408EI
225 
226 
227 
228 
229 
230 K943KJ
231 S986PE
232 K676BZ
233 
234 S657ZT
235 
236 
237 
238 
239 
240 
241 
242 P964ZQ
243 
244 S521BR
245 
246 
247 
248 K992CA
249 
250 F740PO
251 
252 B118WP
253 Y375XP
254 
255 
256 Z652SU
257 
258 P280VS
259 K277IP
260 Z616ZP
261 K866LF
262 
263 K915TC
264 N758RG
265 S992LH
266 
267 
268 
269 T951NF
270 Z307BE
271 
272 
273 
274 
275 Y328PG
276 
277 
278 V318ZW
279 A667EA
280 
281 
282 
283 
284 X821XE
285 
286 
287 
288 B683RM
289 N358EE
290 
291 C961WO
292 
293 
294 A901IN
295 Z088IC
296 S532MV
297 O998KR
298 
299 
300 M104NU
301 
302 
303 
304 K863RS
305 
306 S004VP
307 
308 
309 
310 
311 G709VM
312 P965NY
313 D946GW
314 T707JT
315 I134PN
316 E676FZ
317 
318 
319 
320 
321 U303DG
322 R342OG
323 
324 C517RR
325 
326 I563XM
327 K387WI
328 H744SB
329 
330 V941JL
331 
332 
333 
334 S968UK
335 V548YX
336 Z894AE
337 
338 L435YA
339 
340 
341 
342 
343 
344 E596OC
345 
346 
347 H970RM
348 R310GA
349 
350 G573NM
351 
352 
353 N234UI
354 
355 
356 P899ZE
357 
358 
359 
360 C767FF
361 
362 
363 
364 
365 
366 S591UQ
367 
368 Y719WJ
369 
370 
371 N069DH
372 
373 
374 V370RL
375 B816YE
376 
377 
378 
379 
380 
381 
382 
383 
384 O328AB
385 
386 
387 S587QH
388 
389 Z834QN
390 
391 
392 
393 
394 
395 
396 
397 
398 
399 E364MO
400 Z020SL
401 J940RO
402 S766RL
403 
404 
405 
406 
407 Q483GL
408 Q125RP
409 
410 
411 A292CV
412 
413 
414 
415 
416 H557CI
417 
418 A008US
419 
420 
421 E864GX
422 
423 
424 U231RQ
425 I636PK
426 S398TI
427 
428 
429 
430 
431 
432 Z997UE
433 
434 
435 
436 
437 
438 J305GB
439 B743WH
440 H960WL
441 
442 
443 A061NR
444 Z129BR
445 W309WU
446 
447 
448 G942RL
449 
450 Y759YT
451 S673HH
452 
453 
454 
455 S683OC
456 
457 
458 X972TN
459 W100BG
460 K031PA
461 
462 
463 
464 M562BO
465 
466 
467 U084EI
468 
469 R057DT
470 J042CY
471 O436YA
472 
473 
474 T034FS
475 H674LI
476 H895SX
477 
478 
479 
480 K961OI
481 
482 X899HJ
483 
484 B520JC
485 
486 S227VW
487 Z708SA
488 X959JZ
489 V730SG
490 M127PX
491 
492 
493 
494 
495 
496 Z399VH
497 R423EL
498 G607JA
499 X959AJ
500 K541ZZ
501 
502 B624VY
503 
504 
505 W371YP
506 
507 
508 A536JN
509 
510 
511 
512 H704PD
513 
514 
515 
516 
517 
518 
519 
520 H375MS
521 
522 C141UE
523 
524 P195WQ
525 
526 
527 
528 D852AA
529 
530 
531 
532 
533 
534 
535 Z293NB
536 
537 
538 A897UB
539 
540 M701ET
541 
542 H534ZY
543 
544 Q808TU
545 Z957VT
546 
547 
548 
549 
550 
551 Y995WT
552 J449CN
553 S731GE
554 
555 O738QD
556 N173VW
557 Z858UB
558 
559 O958TJ
560 
561 T730MN
562 C983AC
563 F631GH
564 C541JC
565 V809WC
566 
567 
568 
569 
570 W833TU
571 
572 A964MM
573 
574 
575 
576 A767ZE
577 J285CV
578 
579 C004BO
580 M482HS
581 
582 
583 U377LF
584 J025QQ
585 
586 
587 
588 F850AE
589 
590 
591 J142BA
592 H950HP
593 V039RY
594 
595 E690PE
596 
597 D861XE
598 
599 
600 A673HS
601 S210MJ
602 
603 
604 Q365KS
605 
606 
607 
608 
609 T182EM
610 
611 U779FZ
612 R433XJ
613 E880LI
614 L799RE
615 
616 
617 N566PK
618 J677RS
619 Y157MV
620 B192MK
621 A431GF
622 
623 C032CH
624 
625 M276GR
626 Q431VR
627 
628 
629 J562BA
630 
631 C331HG
632 K275KW
633 
634 
635 
636 A045QN
637 
638 
639 
640 Z022AF
641 
642 Y076GS
643 
644 S613EG
645 
646 
647 Y418NF
648 U960KA
649 A169QM
650 Z525SF
651 
652 
653 M858ES
654 
655 A430TQ
656 K722FJ
657 
658 Y614ZF
659 
660 Y657UR
661 
662 
663 
664 V650XQ
665 
666 
667 
668 S877ES
669 
670 
671 
672 C366YS
673 
674 Y347RV
675 W779QZ
676 
677 
678 
679 
680 
681 
682 D763RS
683 
684 
685 
686 
687 
688 R082BM
689 H100BP
690 
691 
692 Y696CF
693 
694 
695 
696 E458GR
697 
698 K503LH
699 
700 Q247HQ
701 Q269YS
702 E636BV
703 
704 
705 
706 
707 
708 
709 
710 F151FJ
711 J609PE
712 
713 I130OT
714 
715 
716 
717 
718 I846BY
719 
720 C463JI
721 
722 
723 
724 G730YA
725 T813TI
726 
727 
728 Y609WZ
729 
730 
731 
732 
733 K304JU
734 
735 
736 
737 
738 D414IG
739 
740 K467EV
741 X466BA
742 Q411CU
743 
744 
745 F878DX
746 
747 
748 
749 
750 
751 
752 R829CJ
753 
754 
755 V701KR
756 
757 N200KW
758 C310VE
759 
760 K283XK
761 A225KP
762 Z662ZD
763 
764 S500EP
765 L469BX
766 
767 
768 Q902IH
769 
770 D258UG
771 
772 
773 L459XI
774 I545UD
775 
776 
777 
778 
779 T315OC
780 
781 
782 B846CY
783 
784 
785 Z892KH
786 O218LM
787 S912WM
788 
789 
790 
791 
792 W233VR
793 
794 N557OA
795 
796 
797 V530AX
798 Z463LR
799 
800 I043AU
801 
802 
803 
804 Z872QL
805 
806 
807 
808 
809 K199BU
810 
811 
812 Z847OJ
813 
814 
815 
816 
817 
818 L641HU
819 
820 
821 
822 A656EF
823 
824 Q485UR
825 
826 
827 
828 B830ZF
829 Z617BC
830 
831 
832 D368EN
833 
834 
835 
836 
837 
838 F436FN
839 
840 B167SD
841 
842 Z992YH
843 X633WI
844 H465YG
845 
846 J924BN
847 
848 S276FG
849 
850 
851 G642OA
852 J157PK
853 F871KC
854 
855 S661FE
856 X563GO
857 G991HT
858 
859 
860 T493UO
861 S323KJ
862 
863 
864 
865 
866 B875LA
867 
868 I036YO
869 
870 
871 
872 D617IC
873 W815TS
874 
875 
876 D769VP
877 
878 M632LF
879 
880 V942DU
881 Y288IZ
882 A415CD
883 
884 I185IC
885 
886 P442EA
887 
888 N964HI
889 
890 
891 A295MP
892 
893 J478VE
894 
895 
896 
897 
898 S465MX
899 
900 R938VS
901 M996EN
902 S183FM
903 
904 
905 B472ZU
906 A508PC
907 
908 
909 
910 Z580DQ
911 
912 P597FW
913 
914 
915 M668MB
916 H505SG
917 
918 
919 S776CO
920 
921 
922 
923 
924 
925 
926 
927 
928 G734SA
929 
930 N122VN
931 S933PC
932 V437HI
933 
934 
935 K348UT
936 
937 G255AX
938 
939 
940 A961PU
941 
942 
943 L319GB
944 B850MM
945 
946 V290MZ
947 H657OW
948 
949 
950 R370HO
951 
952 R249KQ
953 V108DY
954 
955 
956 K314OU
957 W425XK
958 
959 
960 Z662OZ
961 A349ZE
962 G112HS
963 M463WF
964 
965 
966 
967 
968 Z036YC
969 
970 
971 
972 W315YJ
973 
974 
975 
976 
977 
978 Q007QX
979 W446SC
980 U797BD
981 I141RE
982 
983 
984 
985 R090KC
986 H317QW
987 
988 
989 B405VQ
990 I047EY
991 
992 M602YV
993 T869QL
994 
995 C258PA
996 
997 
998 U715IS
999 X187TX
1000 O833EE
1001 
1002 
1003 
1004 
1005 
1006 
1007 
1008 
1009 
1010 
1011 
1012 P471UR
1013 
1014 
1015 A606BA
1016 M469BK
1017 
1018 
1019 
1020 Y764JC
1021 
1022 T800XR
1023 K725GN
1024 
1025 
1026 
1027 E533AR
1028 
1029 J060TH
1030 
1031 
1032 
1033 
1034 P590CW
1035 
1036 D445YZ
1037 
1038 
1039 
1040 M127XV
1041 B063IT
1042 
1043 L457MK
1044 K643TU
1045 F857VD
1046 
1047 T360WM
1048 
1049 
1050 
1051 
1052 P473LX
1053 X745YP
1054 
1055 U471QD
1056 E044WR
1057 
1058 
1059 U218PP
1060 R357NB
1061 
1062 
1063 
1064 H613TO
1065 P730PK
1066 R170RO
1067 
1068 E804CK
1069 
1070 
1071 
1072 
1073 I244IX
1074 
1075 B132OW
1076 
1077 
1078 
1079 
1080 W841VT
1081 A075RM
1082 C554IF
1083 
1084 Q157IN
1085 A857YI
1086 
1087 
1088 T065CU
1089 
1090 
1091 Z245JG
1092 
1093 
1094 
1095 N562ID
1096 
1097 
1098 
1099 
1100 Q077HU
1101 
1102 S651XO
1103 
1104 Q763CQ
1105 
1106 
1107 G102BG
1108 T634ME
1109 
1110 H929IE
1111 Z155NE
1112 B451VO
1113 B452UC
1114 X340RS
1115 
1116 
1117 
1118 
1119 
1120 L397DG
1121 
1122 E390UY
1123 U882NS
1124 
1125 
1126 
1127 
1128 
1129 C741HA
1130 P724TT
1131 
1132 
1133 O290UJ
1134 
1135 T588YH
1136 T832MF
1137 Q101UC
1138 L520BU
1139 G577MA
1140 W450IV
1141 
1142 L969UI
1143 
1144 
1145 
1146 
1147 
1148 
1149 E660AF
1150 
1151 
1152 A002IG
1153 
1154 
1155 M580LC
1156 S937LW
1157 A780JE
1158 X660CJ
1159 
1160 G259DA
1161 
1162 
1163 R264WA
1164 
1165 
1166 
1167 
1168 H841EO
1169 
1170 Y777XE
1171 T701WC
1172 
1173 
1174 
1175 B980ZC
1176 
1177 
1178 
1179 
1180 
1181 
1182 
1183 K932UL
1184 E863BP
1185 
1186 
1187 D409XL
1188 
1189 
1190 
1191 
1192 
1193 C871PD
1194 
1195 
1196 E579BF
1197 
1198 M970LD
1199 
1200 S974OM
1201 
1202 D290HI
1203 N955UP
1204 H418YE
1205 
1206 E244QJ
1207 
1208 S883OU
1209 
1210 
1211 
1212 X098PT
1213 
1214 
1215 
1216 V898SC
1217 
1218 N091DM
1219 Q448WP
1220 U030HY
1221 
1222 
1223 
1224 Y043ZO
1225 
1226 
1227 
1228 R467NL
1229 
1230 
1231 C089VP
1232 A233LY
1233 
1234 L289QD
1235 E512EV
1236 
1237 
1238 
1239 Y792TR
1240 
1241 
1242 
1243 
1244 I324YX
1245 L244KB
1246 
1247 
1248 X768QP
1249 
1250 F528VN
1251 
1252 
1253 
1254 Y316UE
1255 
1256 
1257 
1258 
1259 
1260 A500EB
1261 
1262 
1263 
1264 P977ST
1265 
1266 D082TX
1267 
1268 
1269 
1270 
1271 
1272 E906TP
1273 
1274 
1275 
1276 
1277 
1278 
1279 
1280 Z219QC
1281 
1282 M775PW
1283 
1284 
1285 V516NK
1286 
1287 
1288 V858RS
1289 R519EJ
1290 
1291 
1292 W491YU
1293 H807WS
1294 
1295 
1296 
1297 
1298 P241GF
1299 K549OD
1300 
1301 X316FS
1302 
1303 X054RN
1304 Z456QC
1305 
1306 
1307 
1308 
1309 
1310 
1311 
1312 A678PP
1313 
1314 Q917HQ
1315 W436AH
1316 
1317 D077SJ
1318 B486FV
1319 
1320 
1321 
1322 P473AB
1323 X150VH
1324 W169SZ
1325 
1326 P387GR
1327 
1328 
1329 
1330 
1331 
1332 
1333 
1334 
1335 H275BS
1336 I647KM
1337 
1338 Z893PJ
1339 
1340 
1341 Z277GU
1342 C422PD
1343 
1344 O657CM
1345 
1346 A298JK
1347 
1348 T670OX
1349 
1350 X769EX
1351 
1352 
1353 P460PX
1354 
1355 
1356 S206BT
1357 
1358 D310XJ
1359 O315HQ
1360 L185RA
1361 
1362 
1363 O473LU
1364 N145KW
1365 
1366 
1367 
1368 Y079HF
1369 T909AU
1370 T543YT
1371 
1372 V628FA
1373 
1374 R891CS
1375 D803DN
1376 deleted
1377 
1378 E874RH
1379 J374GT
1380 G918FY
1381 J883EP
1382 
1383 S867AP
1384 
1385 M189GX
1386 K117IH
1387 
1388 J189VA
1389 O682UO
1390 
1391 
1392 P072UF
1393 
1394 C510VJ
1395 Y738WJ
1396 
1397 
1398 S412XU
1399 
1400 P427YU
1401 
1402 S867YN
1403 
1404 J322KH
1405 
1406 
1407 I346PT
1408 
1409 
1410 
1411 
1412 
1413 
1414 
1415 
1416 
1417 T493UV
1418 U176SG
1419 
1420 Q658QR
1421 
1422 
1423 
1424 
1425 A148IM
1426 
1427 
1428 
1429 
1430 H497GI
1431 
1432 
1433 L782RZ
1434 
1435 Z294VV
1436 
1437 S371JG
1438 
1439 
1440 G089TD
1441 R261UZ
1442 C320LM
1443 D830OK
1444 W520WV
1445 U675DL
1446 
1447 
1448 W852PH
1449 V065HI
1450 
1451 
1452 
1453 
1454 Y702VB
1455 
1456 G735IE
1457 Y261KO
1458 
1459 I162FF
1460 A911UC
1461 
1462 L241YH
1463 T472PT
1464 
1465 G451US
1466 
1467 
1468 
1469 N278BR
1470 
1471 
1472 M948SP
1473 
1474 R542IB
1475 
1476 
1477 
1478 
1479 
1480 
1481 J121AD
1482 
1483 
1484 T009MS
1485 G902CP
1486 
1487 
1488 O583FL
1489 
1490 
1491 
1492 
1493 Y500WV
1494 
1495 
1496 J105PC
1497 
1498 L375OC
1499 
1500 N321XF
1501 
1502 
1503 
1504 S414IJ
1505 
1506 
1507 
1508 
1509 N012SV
1510 J441AV
1511 J718GL
1512 O581KU
1513 
1514 
1515 
1516 C207LW
1517 H988CW
1518 
1519 X833MR
1520 
1521 
1522 Z524XH
1523 I329PP
1524 Q149CT
1525 
1526 I363LZ
1527 
1528 V014FS
1529 T941QJ
1530 
1531 R055XO
1532 
1533 
1534 
1535 T193NI
1536 H015UL
1537 
1538 N106RV
1539 
1540 
1541 
1542 Q552RS
1543 
1544 
1545 
1546 
1547 
1548 
1549 
1550 R641AT
1551 
1552 V586ZO
1553 R595OJ
1554 
1555 
1556 
1557 
1558 
1559 
1560 T486DG
1561 H278PC
1562 A995KP
1563 J437KA
1564 W184AR
1565 
1566 E449CX
1567 Y629RS
1568 J226DI
1569 
1570 H170RT
1571 
1572 K943HI
1573 
1574 L206ZW
1575 
1576 O894XW
1577 
1578 A589OB
1579 
1580 Z968AQ
1581 V902SM
1582 
1583 
1584 O268KM
1585 C799HS
1586 
1587 D039GO
1588 Y794IZ
1589 
1590 Y625OR
1591 
1592 A328SB
1593 
1594 
1595 
1596 G991LD
1597 
1598 
1599 
1600 
1601 
1602 S125JW
1603 
1604 E146HT
1605 
1606 
1607 
1608 
1609 
1610 
1611 W518UR
1612 N903OA
1613 
1614 N213LL
1615 Y806VF
1616 Q351WH
1617 
1618 A012DA
1619 P196DY
1620 W017UW
1621 
1622 
1623 V058WY
1624 Z057DX
1625 
1626 
1627 
1628 Z784CI
1629 
1630 
1631 
1632 Q623DD
1633 Q985WZ
1634 
1635 
1636 I179QU
1637 
1638 
1639 E409EO
1640 A447PT
1641 
1642 
1643 
1644 
1645 
1646 F991OH
1647 
1648 
1649 H207NG
1650 
1651 N503FK
1652 P514VN
1653 M287XJ
1654 I894ET
1655 R623HQ
1656 
1657 A515UE
1658 
1659 
1660 
1661 P436SV
1662 
1663 
1664 
1665 
1666 
1667 H960RX
1668 G528XR
1669 
1670 
1671 S042LE
1672 V781SF
1673 
1674 
1675 
1676 
1677 T498WU
1678 
1679 
1680 T683JQ
1681 
1682 A113JH
1683 Q624KX
1684 Q791AX
1685 
1686 
1687 B800PU
1688 Y698OX
1689 
1690 R978VN
1691 
1692 S672RD
1693 F469RJ
1694 Q990WL
1695 
1696 H236CU
1697 
1698 
1699 
1700 M943QB
1701 
1702 
1703 
1704 B675AY
1705 G005HE
1706 E731ZO
1707 
1708 L257MI
1709 X027FB
1710 
1711 
1712 S658LF
1713 
1714 
1715 
1716 
1717 
1718 
1719 
1720 N028SV
1721 Z721JL
1722 
1723 
1724 
1725 
1726 U175VL
1727 G402XU
1728 
1729 
1730 
1731 N653SH
1732 
1733 
1734 
1735 
1736 Q017QX
1737 
1738 
1739 B956NA
1740 
1741 
1742 
1743 
1744 I169TH
1745 
1746 
1747 
1748 
1749 
1750 
1751 
1752 P062TS
1753 
1754 
1755 L188TL
1756 I695VU
1757 
1758 
1759 
1760 X193SW
1761 C059MR
1762 K719WN
1763 U062RH
1764 
1765 
1766 L611UJ
1767 
1768 V514HE
1769 
1770 
1771 
1772 
1773 
1774 L840IK
1775 
1776 P169AP
1777 G307OJ
1778 D959ZH
1779 T893PY
1780 G627XO
1781 
1782 X421XR
1783 
1784 
1785 U481LR
1786 Y952LE
1787 
1788 
1789 
1790 R009YZ
1791 
1792 X181RM
1793 
1794 
1795 
1796 
1797 
1798 
1799 Y646NC
1800 F894WC
1801 
1802 
1803 
1804 Z385QD
1805 S169KE
1806 C335KQ
1807 
1808 P140JK
1809 
1810 O861YD
1811 
1812 J410VO
1813 
1814 
1815 D025WT
1816 
1817 
1818 S244DI
1819 
1820 C968PF
1821 
1822 J503PA
1823 
1824 
1825 H145JP
1826 
1827 
1828 D909JQ
1829 
1830 W384OW
1831 
1832 
1833 
1834 Y061FJ
1835 
1836 
1837 
1838 A853HC
1839 
1840 W119RC
1841 V805CL
1842 
1843 X298ZK
1844 Z700PM
1845 
1846 
1847 L277BP
1848 P682CZ
1849 
1850 S454GU
1851 A298ZF
1852 
1853 U340GZ
1854 Z837MG
1855 
1856 
1857 
1858 B290ZV
1859 
1860 B567JO
1861 
1862 A001JC
1863 
1864 R335RM
1865 
1866 P123TK
1867 
1868 
1869 
1870 
1871 
1872 
1873 
1874 
1875 Q455VD
1876 
1877 
1878 
1879 P175MH
1880 B378KF
1881 L114ZE
1882 
1883 G231TP
1884 
1885 
1886 
1887 
1888 T379KY
1889 
1890 
1891 
1892 
1893 
1894 
1895 
1896 
1897 
1898 P510IV
1899 K549XT
1900 B600WZ
1901 R651AP
1902 
1903 
1904 G189IN
1905 N968IF
1906 
1907 
1908 
1909 
1910 
1911 K206HN
1912 I480UR
1913 
1914 I950EW
1915 
1916 
1917 G712WM
1918 P787XU
1919 O379UT
1920 
1921 
1922 W419EQ
1923 V622YB
1924 M680JK
1925 E561GC
1926 J725VB
1927 
1928 E504LF
1929 I901YS
1930 
1931 
1932 A933JO
1933 
1934 
1935 
1936 
1937 
1938 A551VZ
1939 
1940 
1941 
1942 
1943 R082DG
1944 Z836ID
1945 
1946 E655IL
1947 X156QE
1948 X020LD
1949 V725QL
1950 
1951 B557DA
1952 Y102VL
1953 G718AX
1954 
1955 E728VK
1956 R821GP
1957 
1958 
1959 R602DO
1960 
1961 
1962 
1963 
1964 G813CM
1965 R346KC
1966 
1967 
1968 
1969 
1970 
1971 
1972 
1973 K869RI
1974 
1975 Y858PI
1976 Y006VY
1977 G765SN
1978 
1979 
1980 P719BA
1981 F133FI
1982 R794ZQ
1983 
1984 I600UU
1985 N722JA
1986 
1987 
1988 E602VR
1989 
1990 
1991 
1992 
1993 H568FB
1994 
1995 
1996 W613ER
1997 
1998 
1999 
